580085
514415
906609
119911
282282
141141
853358
650056
601106
592295
543345
485584
436634
378873
329923
408804
204402
623326
525525
299992
469964
886688
804408
698896
631136
616616
443344
428824
270072
255552
828828
414414
487784
180081
888888
666666
444444
222222
348843
770077
653356
855558
807708
696696
648846
531135
489984
372273
324423
165561
117711
577775
723327
649946
272272
219912
292292
840048
821128
802208
630036
611116
420024
401104
210012
238832
227722
595595
589985
560065
554455
548845
513315
507705
564465
174471
861168
809908
470074
489984
693396
672276
579975
828828
801108
696696
636636
444444
279972
252252
219912
476674
780087
393393
262262
131131
443344
513315
824428
412214
793397
747747
650056
604406
588885
491194
445544
302203
286682
143341
551155
99299
819918
729927
639936
549945
459954
369963
279972
189981
657756
507705
407704
168861
661166
656656
493394
488884
412214
407704
244442
239932
414414
561165
461164
654456
468864
420024
234432
536635
428824
214412
272272
602206
301103
252252
106601
618816
357753
280082
93839
663366
442244
221122
652256
737737
749947
689986
534435
474474
215512
155551
89198
523325
198891
696696
666666
636636
606606
474474
444444
414414
282282
252252
222222
675576
345543
447744
401104
616616
484484
363363
242242
188881
121121
99099
88088
297792
585585
259952
510015
95259
508805
397793
698896
611116
442244
425524
408804
290092
273372
256652
239932
678876
595595
219912
603306
402204
201102
98889
579975
576675
573375
570075
528825
525525
522225
462264
84048
371173
660066
89598
666666
585585
414414
333333
252252
171171
99099
90909
83538
611116
84048
654456
642246
630036
468864
456654
444444
432234
420024
258852
246642
234432
222222
210012
366663
99999
464464
232232
84448
639936
426624
257752
213312
434434
575575
619916
550055
509905
440044
330033
292292
220022
182281
110011
378873
612216
468864
441144
405504
297792
270072
234432
565565
321123
276672
266662
84348
239932
555555
444444
333333
222222
111111
90909
80808
571175
520025
84148
489984
447744
405504
82728
513315
545545
477774
86868
359953
89798
519915
459954
414414
399993
354453
294492
105501
506605
464464
232232
84448
297792
535535
462264
421124
409904
272272
231132
219912
86768
85158
270072
424424
212212
171171
154451
89298
81918
512215
367763
308803
284482
225522
142241
525525
79897
168861
464464
424424
272272
232232
88088
84448
80808
99599
92329
471174
456654
402204
270072
255552
201102
89298
515515
80908
505505
219912
83538
399993
266662
133331
485584
88288
91719
82128
404404
303303
279972
202202
178871
101101
489984
468864
447744
426624
405504
297792
276672
255552
234432
213312
83538
78987
82128
290092
414414
333333
279972
252252
198891
171171
108801
99099
73937
424424
212212
401104
86868
127721
74447
434434
270072
266662
215512
87978
452254
82228
445544
438834
391193
384483
377773
81618
432234
234432
81918
83538
68186
98489
137731
282282
209902
90009
79497
72927
273372
89598
416614
408804
76167
374473
335533
277772
238832
73337
78287
71817
81018
84348
280082
257752
232232
209902
86768
343343
252252
161161
93639
85358
77077
70707
258852
215512
87078
375573
306603
273372
204402
189981
171171
102201
67176
92529
320023
231132
84048
63036
96869
299992
272272
259952
232232
219912
88088
256652
69996
296692
89498
62526
63036
282282
141141
63336
65056
65556
279972
246642
213312
88788
225522
98289
89698
138831
95559
85058
68286
99699
84348
64746
234432
63936
75057
83638
252252
219912
88788
65856
67976
82928
80008
69496
258852
235532
212212
294492
98189
79597
71217
87278
68086
297792
234432
69696
63936
239932
292292
272272
252252
232232
212212
88088
82928
69296
68486
65656
62826
297792
72627
68686
83738
231132
225522
219912
180081
174471
168861
74347
270072
98589
80208
58485
67276
61716
201102
86268
76867
80008
69596
216612
64546
282282
252252
222222
86268
83538
80808
66066
63336
60606
93939
244442
88888
66666
249942
184481
289982
252252
219912
198891
161161
128821
77077
83838
68886
239932
55755
221122
80408
60306
276672
255552
234432
213312
69696
266662
133331
61016
165561
93939
222222
80808
60606
209902
156651
141141
210012
63736
85158
70007
69496
92129
77877
86868
69596
53235
238832
221122
97079
74947
82328
66766
99699
66866
85158
68586
88288
59895
54945
49894
86768
78387
56465
204402
102201
98289
69296
73537
58685
53835
214412
88088
69696
67276
48884
68586
88688
222222
111111
90909
80808
70707
60606
50505
87178
67876
60706
72027
219912
69496
57475
52725
86268
47874
210012
187781
168861
149941
87978
82128
108801
83838
48984
85358
53935
96669
64446
56265
51615
86768
84448
82128
46864
61116
57875
66066
86668
83538
57375
87478
80608
47174
55055
54145
53235
52325
51415
50505
82628
45854
88788
72027
80908
198891
122221
117711
89298
70807
81718
77677
65856
48384
162261
92529
81618
80808
63936
61716
44844
98789
79297
83538
140041
92629
60006
49494
99199
80408
79097
60306
84148
59595
43834
92229
89198
46764
63936
48384
62926
58185
171171
141141
111111
99099
66066
65056
84348
68586
57375
44944
42824
68786
45154
70307
52625
56565
63536
105501
61716
52125
84448
53535
45954
41814
55755
84048
63036
42024
90009
89598
60006
59595
74847
67076
84048
42024
159951
147741
135531
123321
111111
54945
41514
84448
63336
42224
48884
46864
44844
42824
40804
76167
66566
66466
46964
79797
62726
84348
69696
57275
47674
43734
39693
65856
133331
48484
91719
68886
84148
49794
55055
48384
46464
44544
42624
40704
82728
38683
87478
129921
86868
75057
43434
83538
48384
84448
63336
42224
44744
57375
52125
86768
45254
41514
37673
99799
117711
99999
89298
81918
71217
88688
81618
59495
52925
50005
88088
86268
84448
82628
80808
65156
63336
61516
44044
42224
40404
99099
89298
79497
69696
66066
59895
56265
46464
36663
62626
49594
71117
63536
55955
90109
76467
80908
65156
98889
83538
88288
44144
59995
82128
99899
96369
67776
64246
35653
80608
69696
46464
90909
83538
76167
50605
82128
63336
44544
62626
46364
93639
90209
65856
62426
34643
86868
85158
43434
87978
56265
95259
78987
49494
61516
82228
41114
65856
48384
59295
53935
66466
90909
81918
72927
63936
60606
54945
51615
45954
42624
36963
33633
40504
95659
68186
57575
44744
88888
82328
89598
64746
68786
52325
35853
32623
68586
92829
86768
40704
94149
48184
86268
55755
53235
83838
48984
37873
34743
31613
80808
63336
48984
67176
51315
84048
63036
42024
88088
44044
94249
69996
46664
83538
63036
65056
63536
47874
44844
41814
39693
36663
33633
30603
88788
87278
89698
74347
52325
37973
83738
84348
74547
64746
54945
80808
63936
42624
59295
55755
65856
42924
67976
38383
35453
32523
82928
80008
69496
42924
40004
29492
53835
47974
39593
69696
63936
48384
42624
77777
39893
66066
44044
52725
51015
69296
67876
68486
65656
62826
37073
34243
31413
29892
28482
37373
76167
51615
67276
61716
57475
52525
69596
60006
49594
40004
29592
73437
70707
66066
63336
60606
53235
50505
43134
40404
33033
30303
27472
66666
55555
44444
33333
46364
27872
68886
34443
66766
29792
59095
69696
46464
61016
27772
26462
60606
50505
40404
30303
27972
49794
63736
55255
48384
44544
40704
57375
56865
60706
43434
26162
48384
27972
25452
58985
53535
39093
44144
49894
28782
57575
54145
40504
27572
48884
47674
46464
45254
44044
26862
25652
24442
51815
44344
56165
44744
47874
43134
46964
25252
28782
52425
26562
46864
44544
42224
25752
23432
33033
28182
47174
40304
35953
45854
41314
49494
27572
48384
29792
45954
44844
43734
42624
41514
40404
27972
26862
25752
24642
23532
22422
26962
42924
30003
43834
29592
45154
25252
44944
42824
40704
29892
27772
25652
23532
21412
23632
42224
27872
41814
42024
26162
21012
21012
21112
40804
29492
28482
27472
26462
25452
24442
23432
22422
21412
20402
20502
33233
29792
36863
23932
27072
25152
23232
21312
19291
27972
29892
27072
29992
21712
28182
22022
21112
20202
31313
18281
28282
29192
24742
29392
23232
25752
18981
17271
26062
21912
21812
17871
16261
23532
22922
22022
20502
16761
15251
21312
18081
20002
19591
15651
14241
15151
15851
14541
13231
15351
14641
13431
12221
12321
11211
10201
