9009
8118
7227
6336
5445
4554
3663
2772
1881
5335
8448
6336
4224
2112
5225
5115
8008
7007
6006
5005
4004
3003
2002
1001
979
6776
6336
4664
4224
2992
2552
2112
2772
6006
858
5775
5005
4774
4004
3773
3003
2772
2002
1771
1001
4884
2442
888
949
4554
828
2992
737
4224
2772
2442
2112
858
2112
2772
868
767
2552
696
1881
969
616
2332
848
636
676
969
686
2112
1551
828
585
616
484
989
656
858
585
646
494
1221
999
888
777
666
555
444
828
595
525
646
858
363
868
434
696
464
616
676
494
575
525
414
484
242
252
323
252
272
121
